$ANSIBLE_VAULT;1.1;AES256
34323239643935313835623862383464303561356561306433323732646238396137613336613765
6136346161396465643037346530623564333364313837660a303430646134333633333237393730
63653232313263353438333762393365643831303963326262336230346262666264363165333265
6436373139393535300a343834613166383036666465393735323634353536646635613932383463
30333136636536373062356232616234356632303638663335383262636266656261346364333038
35313933393033373561616263623164356365376439643136383964383834303938623732316462
30343064366230396336353465353563373462306364663566643663306561353061316166363036
34656563343432343061333834636465623530633733316636323031303663663335386164633439
32306131306261313931396164623734656630306563303762616562633236633637623961383165
61356633383265316534363761613164386430666261363663616137313133653433613363616234
30613632623635633431393537626464363661616565633363393832366337373434353738356439
64313039653966643837336435303437643563383062636331356535363239623864383934343363
66656536393839376464363238363466373933323536336632656338316337356531646336316534
64343938613063373866636530303738666639636666653162613765373965323366643264353865
37643565663763336664393831396564623738613037356164373661363432316539653663373930
64333931363739303361
