$ANSIBLE_VAULT;1.1;AES256
62643236336666663430396532386636383063613932376239643735376462306661313533653836
3837616261356263653262623935393534346561653437300a653865356138396638326130326361
36383531386338373861626633623333633163353361396135376561326332653164636237386364
3233613361623463340a636632643963363435353031616162393361323162303061656335666432
63363134663433646133373835666335363730333036343861383239663665666663626139353664
64643261666437363235616130366238336338323631316437386462313536303439363462653562
62616639343238356566353437303332623662636537353263396664633233633936393438373736
35663363363561616636613835343939383338386331633862363763333763633633373835666133
62376666613437303066616162313332666332353832636464303237313266356166663665616363
34633566333830346263373538633435323765623038343737396136383231343833393333353334
65646139366639393630636633343035353665396136643239623034326461616437616337396631
32303665376661386134383532366466396165353563326364323531623136366164643366643837
61326166383138353636383634333936386339376133666237393338666337653137663432346462
38313532363931626332383931386366623634363634316537343130633662363535663832633261
33613366613162333764663330373232393734323663623161353064396538643365313939653436
62323334303562316161636430643433663438383166393339366133303431346230663335623765
65613933346661663735333532323563386362663564623931646430646133343538346566663962
62373639623930636230656338303134383133666434623163343266386230643562663234396238
31363738646131343734613839656663333639333835366362386365636130326266613966613131
36653239313262323964613635346630663665623834313536313563386337653261383831363539
35366135623433653034366435646331303638656536386533646631326533636433653039386231
61303363396565636538663035353432306630653231336231653961316265663136326165336465
38313635633238333039333265386330393835313966626165303465666663643863303937646461
35323637613430373661393365613336616565383930613033396631393530366537333263656338
35333730663030613839336662666561346133363434643837636337386235333135
